%TANK 1 
A1 = 100 %cm^2
s12 = 0.5 %no-dim
a1 = 0.45 %no-dim
Q1_max = 100 %cm^3/s

%TANK 2
A2 = 100 %cm^2
s23 = 0.5
a2 = 0.25
g = 980.665 % grav const

%TANK 3
A3 = 100; %cm^2
Q3_max = 100; %cm^3/s
